simTime,simVehicleCount,simVehicleMeanSpeed
0.5,0,0
1,0,0
1.5,0,0
2,0,0
2.5,0,0
3,0,0
3.5,0,0
4,0,0
4.5,0,0
5,0,0
5.5,0,0
6,0,0
6.5,0,0
7,0,0
7.5,0,0
8,0,0
8.5,0,0
9,0,0
9.5,0,0
10,0,0
10.5,0,0
11,0,0
11.5,0,0
12,0,0
12.5,0,0
13,0,0
13.5,0,0
14,1,42.9558879
14.5,1,42.95266394
15,1,42.9526094
15.5,1,42.96354092
16,1,42.96731084
16.5,1,42.95962008
17,1,42.96178932
17.5,1,42.96677483
18,1,42.9540468
18.5,1,42.95576737
19,1,42.96199255
19.5,2,35.49796646
20,2,35.49584645
20.5,2,35.50174588
21,2,35.50302793
21.5,2,35.50349384
22,2,35.49679367
22.5,2,35.49491042
23,3,34.7496617
23.5,4,35.67677845
24,4,35.67894375
24.5,4,35.67607731
25,4,35.67584449
25.5,4,35.67916713
26,4,35.67678434
26.5,4,35.67990306
27,4,35.67295983
27.5,4,35.6727093
28,4,35.67617006
28.5,4,35.67589582
29,4,35.67546758
29.5,4,35.6767982
30,4,35.67169676
30.5,4,35.67584763
31,4,35.67564912
31.5,4,35.67306724
32,4,35.67886975
32.5,4,35.67605568
33,4,35.67255233
33.5,4,35.67756201
34,4,35.6717826
34.5,4,35.67478534
35,4,35.67559352
35.5,5,36.81018782
36,5,36.81211014
36.5,5,36.81218741
37,5,36.80994742
37.5,5,36.81082794
38,5,36.81011581
38.5,5,36.8140177
39,5,36.81162712
39.5,5,36.81426951
40,5,36.81194293
40.5,5,36.80997285
41,5,36.81259233
41.5,5,36.81133722
42,5,36.81031363
42.5,5,36.81022151
43,5,36.81312831
43.5,5,36.81274777
44,5,36.81257693
44.5,5,36.81034664
45,5,36.81024403
45.5,5,36.8096578
46,5,36.81338068
46.5,5,36.80942459
47,5,36.80880946
47.5,5,36.81128551
48,5,36.81082016
48.5,5,36.80947399
49,6,34.06056889
49.5,6,34.05669187
50,6,34.0610355
50.5,6,34.05950017
51,6,34.05857864
51.5,6,34.03839087
52,6,33.84726387
52.5,6,33.65741615
53,6,33.47387503
53.5,6,33.30153178
54,6,33.12603593
54.5,7,33.36672353
55,7,33.23239225
55.5,7,33.09748038
56,7,32.97194989
56.5,7,32.85350148
57,7,32.73641229
57.5,7,32.62823753
58,7,32.52311774
58.5,7,32.54105742
59,7,32.74334023
59.5,7,32.9303342
60,7,33.11820779
60.5,7,33.30950418
61,8,32.34164968
61.5,8,32.50332064
62,8,32.66888418
62.5,8,32.8281552
63,8,32.99387372
63.5,8,33.05507349
64,8,33.0529757
64.5,8,33.04978685
65,8,33.04927965
65.5,8,33.05173285
66,8,33.05027965
66.5,8,33.05132244
67,8,33.05333215
67.5,8,33.04837576
68,9,32.49140568
68.5,9,32.49022843
69,10,32.43645604
69.5,11,32.08490711
70,11,32.08562009
70.5,11,32.08361483
71,11,32.08222065
71.5,11,32.05822026
72,10,31.96730958
72.5,9,32.40481861
73,9,32.40528042
73.5,10,33.27772932
74,10,33.28029248
74.5,9,32.38222661
75,9,32.37876729
75.5,9,32.37861574
76,9,32.38309023
76.5,9,32.37922973
77,10,33.37115504
77.5,10,33.37047046
78,10,33.36993737
78.5,10,33.36885875
79,10,33.37037615
79.5,11,34.46523211
80,11,34.36446291
80.5,11,34.26925591
81,10,33.74678495
81.5,10,33.59760036
82,11,33.94341376
82.5,11,33.78720555
83,11,33.6332047
83.5,11,33.4876557
84,11,33.34681944
84.5,12,32.71185517
85,12,32.59127892
85.5,12,32.48109238
86,12,32.40140687
86.5,12,32.45438262
87,12,32.51778252
87.5,12,32.58458109
88,13,31.44699436
88.5,14,30.88547332
89,14,30.9171179
89.5,14,30.95274777
90,14,30.9955847
90.5,14,31.03545606
91,14,30.98511355
91.5,14,30.93781356
92,14,30.89295281
92.5,14,30.85191246
93,14,30.87580947
93.5,15,30.75023913
94,15,30.82461895
94.5,15,30.90266547
95,15,30.91351842
95.5,15,30.90437936
96,15,30.91076563
96.5,15,31.01450337
97,15,31.16389179
97.5,15,31.32231151
98,16,32.24724472
98.5,16,32.39241838
99,16,32.49874031
99.5,16,32.51729567
100,17,32.59205371
100.5,17,32.59277854
101,17,32.59232141
101.5,17,32.59304552
102,17,32.59203548
102.5,18,32.97231385
103,18,32.92112853
103.5,18,32.87091641
104,19,32.70801511
104.5,18,32.89429947
105,17,32.67310278
105.5,17,32.62583646
106,17,32.58084337
106.5,17,32.53755999
107,17,32.49493821
107.5,17,32.45591836
108,17,32.41521372
108.5,17,32.38057662
109,17,32.34322182
109.5,16,32.26211053
110,16,32.32214125
110.5,16,32.38330459
111,16,32.44397258
111.5,15,31.80879809
112,15,31.87728798
112.5,16,32.00986612
113,16,32.02636372
113.5,16,32.04105443
114,16,32.05878656
114.5,16,32.08217987
115,16,32.09914208
115.5,16,32.06372105
116,17,31.31632137
116.5,17,31.28826763
117,17,31.26092721
117.5,17,31.23529171
118,17,31.20908578
118.5,17,31.18994971
119,17,31.16832368
119.5,17,31.1489187
120,17,31.17414575
120.5,17,31.25376107
121,17,31.32939735
121.5,17,31.36678377
122,17,31.40493462
122.5,19,30.0182289
123,19,30.04352861
123.5,19,30.01285247
124,19,29.96834691
124.5,19,29.90329692
125,19,29.84267759
125.5,21,30.32072008
126,21,30.27054327
126.5,20,30.52101156
127,20,30.45749186
127.5,19,29.81328961
128,19,29.73397447
128.5,19,29.65849939
129,20,29.98279952
129.5,21,31.00660601
130,22,30.93586042
130.5,22,30.94549693
131,22,30.95476987
131.5,22,30.95645867
132,22,30.92195294
132.5,22,30.86895962
133,22,30.82275123
133.5,22,30.81130773
134,23,31.24675939
134.5,23,31.28601163
135,23,31.37987934
135.5,23,31.44595767
136,22,31.07532697
136.5,22,31.06520994
137,21,30.32449469
137.5,21,30.31521103
138,21,30.33375264
138.5,21,30.38157524
139,21,30.42867771
139.5,21,30.47060649
140,21,30.51295182
140.5,21,30.55520222
141,21,30.59432222
141.5,21,30.63654663
142,23,31.50781213
142.5,23,31.4521439
143,22,31.34172149
143.5,22,31.27298148
144,22,31.19441059
144.5,23,31.09235549
145,23,31.02216616
145.5,24,31.58123327
146,24,31.46581593
146.5,26,31.70119957
147,27,31.98637106
147.5,27,32.06586259
148,27,32.07680492
148.5,27,32.03573628
149,27,31.94210582
149.5,28,31.55455816
150,27,31.42839915
150.5,28,31.27920291
151,29,31.39974766
151.5,30,31.55552772
152,30,31.5737419
152.5,32,32.05180539
153,31,32.03039116
153.5,31,32.14474022
154,32,31.75468101
154.5,32,31.78404409
155,32,31.73124186
155.5,32,31.64634452
156,32,31.59716899
156.5,32,31.58573508
157,32,31.57731734
157.5,32,31.57723525
158,32,31.62827925
158.5,33,31.67160287
159,33,31.71550189
159.5,33,31.39335743
160,33,31.4213468
160.5,33,31.43079853
161,33,31.39223052
161.5,33,31.36839026
162,33,31.34930155
162.5,32,31.46579229
163,32,31.52431727
163.5,31,31.33386756
164,31,31.64264262
164.5,30,32.00748996
165,29,31.620213
165.5,29,31.58582474
166,30,31.34034799
166.5,30,31.34962186
167,30,31.36644601
167.5,32,31.50223689
168,32,31.47918427
168.5,33,31.11604955
169,33,31.14654772
169.5,33,31.17728017
170,33,31.20776919
170.5,33,31.24064479
171,34,31.65354089
171.5,35,31.73527152
172,35,31.75367759
172.5,36,31.77992186
173,36,31.79608225
173.5,36,31.78148373
174,36,31.76199113
174.5,36,31.7416791
175,36,31.72081955
175.5,36,31.70058113
176,35,31.78988147
176.5,35,31.77287109
177,37,31.81577014
177.5,38,31.5400023
178,38,31.5853764
178.5,37,31.3955056
179,37,31.46319452
179.5,37,31.53555818
180,37,31.61829618
180.5,39,31.74948751
181,39,31.80591097
181.5,39,31.84644354
182,39,31.85723677
182.5,39,31.84678223
183,39,31.82450698
183.5,39,31.79984581
184,39,31.77996937
184.5,38,31.29323321
185,38,31.24263698
185.5,36,30.45653281
186,36,30.40546181
186.5,37,30.29166132
187,38,29.71215084
187.5,40,29.94653828
188,40,29.87834925
188.5,40,29.81836347
189,39,29.85652765
189.5,38,29.85199358
190,38,29.86097548
190.5,39,29.71476568
191,39,29.77982135
191.5,39,29.84062834
192,39,29.89549671
192.5,39,30.10253907
193,39,30.16450564
193.5,40,30.16318673
194,40,30.20788693
194.5,39,30.16826496
195,39,30.21442592
195.5,39,30.25503029
196,39,30.28099004
196.5,39,30.28769748
197,40,30.49801214
197.5,40,30.53684934
198,40,30.55400202
198.5,41,30.58940479
199,43,30.87288396
199.5,44,31.09191457
200,44,31.07581788
200.5,43,31.25243212
201,43,31.2430721
201.5,43,31.22171171
202,43,31.20112789
202.5,45,31.22762714
203,46,31.48956939
203.5,46,31.83605688
204,48,31.85554357
204.5,48,31.83106393
205,48,31.78922667
205.5,48,31.74758995
206,47,31.65384471
206.5,47,31.60489861
207,47,31.63656975
207.5,47,31.669283
208,46,31.64494419
208.5,46,31.71917213
209,46,31.78530968
209.5,46,31.83160166
210,48,32.24276153
210.5,49,32.24492123
211,49,32.2342572
211.5,49,32.23829417
212,49,32.23502303
212.5,48,32.07290734
213,48,32.06748581
213.5,48,32.06086234
214,46,32.17156172
214.5,47,32.23985181
215,47,32.21669928
215.5,47,32.37220557
216,47,32.3321986
216.5,46,32.25582723
217,45,31.85944176
217.5,45,31.8635165
218,45,31.87857519
218.5,45,31.38320465
219,45,31.44639693
219.5,46,31.48946423
220,46,31.52311222
220.5,47,31.27313405
221,49,31.49934951
221.5,49,31.49694461
222,49,31.48080141
222.5,49,31.46651903
223,49,31.45231861
223.5,50,31.47481308
224,49,31.21466632
224.5,49,31.20422142
225,50,31.16137528
225.5,49,31.42813011
226,49,31.37242031
226.5,48,31.07635424
227,47,31.31047252
227.5,46,31.27201738
228,46,31.29434267
228.5,46,31.31742028
229,45,31.24568292
229.5,45,31.19972802
230,46,30.90401857
230.5,45,31.11152934
231,46,31.23763239
231.5,46,31.2163151
232,47,31.28058268
232.5,47,30.92494732
233,47,30.86143466
233.5,48,31.0670043
234,48,31.00792047
234.5,48,30.96216752
235,50,30.85645218
235.5,51,30.9717546
236,51,30.99033454
236.5,52,30.97158537
237,51,30.88882207
237.5,51,30.8945051
238,52,30.99197069
238.5,51,31.12414862
239,50,30.96319741
239.5,50,30.93737325
240,50,30.9007137
240.5,51,30.54855401
241,52,30.80373088
241.5,52,30.78288609
242,52,30.77638738
242.5,54,31.23164034
243,54,31.26766905
243.5,54,31.34686605
244,55,31.2833391
244.5,57,31.4921104
245,58,31.76189404
245.5,58,31.79137298
246,59,32.12838668
246.5,60,32.32018014
247,61,32.22581067
247.5,61,32.22784292
248,62,32.33340452
248.5,63,32.34870448
249,63,32.32430034
249.5,65,32.15139311
250,65,32.09247657
250.5,65,32.03676944
251,67,32.141916
251.5,67,32.09021175
252,67,32.03618962
252.5,68,31.66646462
253,68,31.62401552
253.5,68,31.56862687
254,67,31.53022353
254.5,68,31.4529885
255,69,31.4738154
255.5,68,31.61289769
256,68,31.6324547
256.5,70,31.46000381
257,70,31.41696555
257.5,72,31.61633166
258,71,31.44688268
258.5,72,31.4168848
259,72,31.39311146
259.5,72,31.35445959
260,73,31.25009876
260.5,74,31.28988365
261,73,31.33745143
261.5,72,31.13338672
262,72,31.03948862
262.5,70,30.68783269
263,70,30.64486027
263.5,71,30.53915213
264,71,30.59316839
264.5,72,30.84986844
265,71,30.64407309
265.5,72,30.84583083
266,72,30.82476786
266.5,72,30.84199553
267,72,30.86256199
267.5,73,30.92622289
268,74,31.00455016
268.5,72,31.08481989
269,72,31.14181259
269.5,70,31.02784862
270,69,31.10287699
270.5,68,31.05812525
271,70,30.57318369
271.5,71,30.70754774
272,71,30.68534464
272.5,71,30.66225516
273,69,30.65322824
273.5,69,30.6383176
274,70,30.71108361
274.5,70,30.69697209
275,71,30.60461523
275.5,72,30.67504088
276,74,30.94635312
276.5,75,30.81470163
277,75,30.74315111
277.5,75,30.79902643
278,75,30.85086443
278.5,73,30.7650526
279,74,30.76963867
279.5,74,30.66294938
280,73,30.35137809
280.5,73,30.3607765
281,75,30.32214574
281.5,76,30.51812391
282,76,30.49101181
282.5,75,30.26387318
283,75,30.45308207
283.5,75,30.29555669
284,75,30.25664647
284.5,76,30.35436536
285,75,30.32905246
285.5,76,30.27952549
286,77,30.39121408
286.5,77,30.38690947
287,79,30.50422493
287.5,78,30.41314217
288,80,30.49090536
288.5,79,30.30701734
289,80,30.38929608
289.5,79,30.28776383
290,79,30.3177473
290.5,78,30.18922591
291,78,30.22676454
291.5,78,30.27217573
292,79,30.47452916
292.5,80,30.12147332
293,80,30.10686148
293.5,81,29.90816419
294,80,29.83210171
294.5,80,29.79244621
295,78,29.80081516
295.5,78,29.76814973
296,78,29.77026646
296.5,79,29.82100944
297,79,29.82158665
297.5,78,29.77863954
298,80,29.53267012
298.5,80,29.39256574
299,80,29.34815592
299.5,79,29.35136861
300,78,29.18765837
300.5,78,29.11493883
301,79,29.1570841
301.5,80,29.03381319
302,80,28.96956484
302.5,82,28.96611095
303,82,28.91081748
303.5,81,28.76288739
304,80,28.7854538
304.5,80,28.75621576
305,80,28.75259469
305.5,79,28.8141371
306,79,28.59060759
306.5,79,28.60788589
307,79,28.62661837
307.5,80,28.72408361
308,80,28.72592376
308.5,80,28.71324777
309,79,28.7387555
309.5,79,29.05500306
310,79,29.02855642
310.5,79,28.99737391
311,78,29.04302857
311.5,78,29.09417551
312,79,29.07024275
312.5,79,28.94813187
313,79,28.93763701
313.5,77,28.94881196
314,77,29.04820974
314.5,76,29.11858283
315,78,29.02189231
315.5,77,29.02076501
316,76,28.94305843
316.5,77,28.93536562
317,77,28.96852496
317.5,76,28.9658866
318,74,28.6895245
318.5,76,28.79335018
319,77,28.93689983
319.5,77,28.95164272
320,77,28.96730606
320.5,77,28.9878418
321,76,28.93768601
321.5,77,29.10050024
322,77,29.10341666
322.5,77,29.10383269
323,77,29.2554332
323.5,78,29.30712403
324,77,29.09761817
324.5,76,29.03844613
325,78,29.10790548
325.5,78,29.10458551
326,78,29.1023549
326.5,78,29.08744892
327,80,29.08062469
327.5,79,28.92535213
328,80,28.96816489
328.5,80,28.93938825
329,80,28.91144099
329.5,80,29.0039742
330,80,29.00876708
330.5,81,28.92806839
331,82,28.63544665
331.5,83,28.78767414
332,83,28.82787926
332.5,82,28.98477757
333,80,28.80504854
333.5,81,28.90702235
334,81,29.12845031
334.5,82,29.15220301
335,80,29.15369503
335.5,81,29.32315408
336,81,29.37043052
336.5,83,29.77546966
337,82,29.71231336
337.5,82,29.65043174
338,82,29.59190624
338.5,83,29.44826583
339,82,29.30319916
339.5,82,29.27652257
340,81,29.08798278
340.5,81,29.04193077
341,81,28.98749837
341.5,82,28.97312556
342,82,28.90093114
342.5,82,28.86402858
343,82,28.83817879
343.5,81,28.72795394
344,81,28.73015885
344.5,81,28.75004975
345,82,28.69374754
345.5,82,28.7109109
346,82,28.67693148
346.5,82,28.64579292
347,81,28.65707049
347.5,82,28.78457652
348,83,28.96005743
348.5,84,28.96633275
349,84,28.63354139
349.5,85,28.73239459
350,85,28.75217754
350.5,86,28.92467832
351,86,28.93190753
351.5,87,29.06944777
352,85,29.20681838
352.5,85,29.25463603
353,87,29.52474956
353.5,86,29.64403665
354,86,30.01090831
354.5,84,29.9967969
355,83,30.07840114
355.5,84,30.19610069
356,83,30.23306797
356.5,83,30.20951734
357,82,30.26673862
357.5,82,30.23161045
358,82,30.18875018
358.5,83,30.14065939
359,82,30.03375784
359.5,82,29.96511764
360,81,29.91143657
360.5,83,30.0940509
361,83,30.05905753
361.5,83,30.22373184
362,84,30.37025562
362.5,84,30.41286479
363,82,30.41240062
363.5,83,30.49873847
364,80,30.31391405
364.5,80,30.35372074
365,79,30.18614796
365.5,80,30.19819821
366,81,30.08973713
366.5,80,30.0752385
367,81,30.20606627
367.5,81,30.19593105
368,81,30.17919399
368.5,80,30.03266365
369,80,30.01723438
369.5,80,30.03358656
370,79,29.94855601
370.5,79,29.90870033
371,79,29.88540849
371.5,79,29.86351309
372,77,29.99277485
372.5,78,29.98975308
373,77,29.81240415
373.5,78,29.84544192
374,78,29.77621439
374.5,77,29.68161051
375,78,29.6928806
375.5,78,29.62999871
376,79,29.66348808
376.5,78,29.5007908
377,79,29.45787998
377.5,80,29.4361428
378,80,29.33889003
378.5,83,29.22887285
379,85,29.53155474
379.5,85,29.58329273
380,85,29.59959677
380.5,84,29.54170809
381,85,29.56684954
381.5,83,29.56024251
382,84,29.35730468
382.5,84,29.37580625
383,83,29.30482966
383.5,81,29.19118008
384,80,29.14776149
384.5,80,29.09056584
385,81,29.11808782
385.5,82,29.05238265
386,81,28.75883726
386.5,81,28.68790596
387,80,28.52779756
387.5,79,28.57246854
388,79,28.52913906
388.5,79,28.49019912
389,80,28.6211447
389.5,81,28.46588414
390,81,28.45929512
390.5,81,28.54282703
391,81,28.39330206
391.5,82,28.41373326
392,82,28.48503953
392.5,81,28.68356609
393,81,28.71690378
393.5,81,28.70916222
394,83,28.99946071
394.5,83,28.98303548
395,83,28.8614655
395.5,82,28.73973044
396,82,28.69570863
396.5,83,28.85200975
397,84,28.75949887
397.5,84,28.73010277
398,84,28.69999953
398.5,84,28.72249461
399,84,28.71581368
399.5,84,28.6863675
400,84,28.65930655
400.5,84,28.64893693
401,84,28.66571489
401.5,83,28.7485671
402,84,28.79465392
402.5,83,28.70508333
403,84,28.75874022
403.5,85,28.93975318
404,83,28.79784597
404.5,84,28.84032824
405,86,28.66937526
405.5,85,28.41143231
406,85,28.35215788
406.5,87,28.35250957
407,88,28.38485704
407.5,87,28.48563599
408,88,28.48512476
408.5,88,28.47331628
409,88,28.46228847
409.5,89,28.5746681
410,92,28.70378322
410.5,93,28.89191079
411,93,28.87659285
411.5,93,28.84448762
412,92,28.70444138
412.5,92,28.6653902
413,92,28.65677478
413.5,92,28.61356152
414,91,28.46013899
414.5,90,28.39510864
415,91,28.5388072
415.5,90,28.55956203
416,89,28.49734773
416.5,89,28.49607934
417,88,28.53387959
417.5,88,28.49963881
418,88,28.93584413
418.5,88,28.97569591
419,87,29.07930139
419.5,85,29.04794838
420,82,29.14478332
420.5,81,29.24922253
421,82,29.29484772
421.5,81,29.36038989
422,81,29.40824275
422.5,81,29.34899214
423,79,29.22911636
423.5,78,29.15379311
424,78,29.18460266
424.5,78,29.18122665
425,77,29.07481058
425.5,77,29.13852928
426,78,29.21744614
426.5,77,29.235586
427,76,29.31056219
427.5,75,29.26698521
428,76,29.46400751
428.5,75,29.47075345
429,75,29.32093149
429.5,74,29.21096335
430,74,29.30773721
430.5,74,29.08158738
431,74,29.03915915
431.5,76,29.30079399
432,80,29.47279164
432.5,80,29.41287564
433,80,29.36525092
433.5,80,29.30447749
434,80,29.25087623
434.5,80,29.16396578
435,81,29.2279447
435.5,82,29.26045381
436,82,29.19018631
436.5,84,29.19100682
437,85,29.1192188
437.5,88,29.04261038
438,88,28.98038644
438.5,88,28.90030678
439,88,28.82982137
439.5,89,28.74390274
440,89,28.69894135
440.5,89,28.65464232
441,91,28.77224334
441.5,91,28.73482626
442,92,28.76297709
442.5,93,28.61229847
443,92,28.63105957
443.5,92,28.58982943
444,93,28.22958257
444.5,93,28.16305716
445,93,28.09110554
445.5,95,27.93286505
446,94,27.8097581
446.5,96,27.80142546
447,96,27.75455354
447.5,98,27.83942581
448,100,27.8571668
448.5,103,28.09074068
449,104,27.81132009
449.5,104,27.68431077
450,105,27.46241585
450.5,105,27.37194056
451,106,27.2696619
451.5,109,27.37665154
452,108,27.15923302
452.5,109,27.10744632
453,108,26.95191959
453.5,108,27.03648047
454,108,27.01507953
454.5,108,26.82293309
455,107,26.86428096
455.5,107,26.84447396
456,107,26.91351777
456.5,106,26.83375547
457,106,26.80541607
457.5,106,26.77108087
458,107,26.88703004
458.5,109,26.87563888
459,110,26.77023528
459.5,110,26.72583385
460,112,26.74410002
460.5,111,26.65081208
461,113,26.7526895
461.5,113,26.73615598
462,113,26.74029841
462.5,112,26.52567634
463,113,26.50567552
463.5,113,26.43396557
464,115,26.5878239
464.5,115,26.5167954
465,115,26.46341557
465.5,116,26.42111066
466,117,26.43039491
466.5,121,26.85656948
467,123,26.69213668
467.5,125,26.8848377
468,125,26.82948508
468.5,125,26.77432195
469,124,26.76029748
469.5,125,26.84895722
470,124,26.90616459
470.5,122,27.0158632
471,122,27.06841666
471.5,119,27.15712232
472,118,27.09670819
472.5,119,27.16856119
473,118,27.17831134
473.5,118,27.23951595
474,119,27.53372921
474.5,118,27.58975387
475,116,27.55303435
475.5,116,27.5639816
476,115,27.50536801
476.5,114,27.51313095
477,117,27.62302136
477.5,117,27.68764389
478,117,27.60118727
478.5,116,27.61749725
479,117,27.67364205
479.5,115,27.55958062
480,114,27.5042618
480.5,115,27.6048289
481,114,27.56838377
481.5,115,27.77614707
482,114,27.7975631
482.5,114,27.84804784
483,114,27.85813538
483.5,112,27.66901612
484,111,27.61395973
484.5,112,27.62529144
485,112,27.60951315
485.5,112,27.57160773
486,111,27.45485805
486.5,111,27.41090487
487,111,27.38603949
487.5,112,27.40529247
488,110,27.38912016
488.5,109,27.38404155
489,109,27.41180632
489.5,108,27.37718842
490,108,27.37605597
490.5,108,27.3788843
491,109,27.52499889
491.5,111,27.58940813
492,112,27.69062366
492.5,113,27.81898182
493,113,27.7444831
493.5,115,28.01546201
494,116,28.08264816
494.5,118,28.13184957
495,118,28.15227769
495.5,118,28.16011088
496,119,28.27301374
496.5,121,28.41503371
497,120,28.35769816
497.5,122,28.35193954
498,124,28.24998734
498.5,125,28.20246568
499,125,28.13081127
499.5,126,28.15603624
500,126,27.94738813
500.5,128,27.98579174
501,128,27.96502246
501.5,129,27.95964677
502,129,27.92958457
502.5,131,27.90356284
503,131,27.89385011
503.5,134,28.0409528
504,133,27.97528868
504.5,133,27.97912475
505,133,28.06695514
505.5,133,28.07954405
506,132,28.07903381
506.5,132,28.08752189
507,130,27.86744725
507.5,130,27.86170633
508,130,27.89574719
508.5,128,27.7108979
509,129,27.76825264
509.5,126,27.64462929
510,127,27.6425473
510.5,125,27.49257872
511,126,27.41967984
511.5,125,27.33257693
512,125,27.28359397
512.5,125,27.27721275
513,125,27.33744089
513.5,126,27.45476842
514,128,27.43375666
514.5,129,27.37678477
515,130,27.46938632
515.5,130,27.4384427
516,132,27.60555681
516.5,133,27.6185347
517,133,27.65267257
517.5,133,27.59453976
518,133,27.51823974
518.5,133,27.47790417
519,134,27.52697366
519.5,135,27.60852641
520,137,27.70892896
520.5,137,27.62306339
521,138,27.56343621
521.5,139,27.42888677
522,139,27.32274119
522.5,139,27.26421895
523,139,27.21307363
523.5,138,27.13372977
524,139,27.03278051
524.5,139,27.17423638
525,139,27.29795127
525.5,141,27.29771626
526,144,27.26226188
526.5,147,27.34287343
527,147,27.32956582
527.5,145,27.3429857
528,145,27.38894183
528.5,145,27.37504891
529,146,27.47747575
529.5,146,27.54997113
530,146,27.60692845
530.5,145,27.61170095
531,145,27.5912794
531.5,145,27.60429185
532,143,27.53992914
532.5,146,27.61488326
533,144,27.51757708
533.5,144,27.4922075
534,143,27.43253435
534.5,142,27.46450109
535,142,27.46271186
535.5,143,27.53041816
536,143,27.54911747
536.5,143,27.55608222
537,144,27.60940029
537.5,143,27.53700827
538,142,27.54607075
538.5,144,27.64279948
539,142,27.49846933
539.5,142,27.47079421
540,142,27.43685582
540.5,141,27.435867
541,140,27.40995799
541.5,139,27.36778259
542,139,27.34366462
542.5,138,27.28394629
543,140,27.31535505
543.5,141,27.33122838
544,142,27.3468259
544.5,142,27.50141137
545,141,27.52481757
545.5,143,27.75663269
546,143,27.910557
546.5,143,28.00872598
547,143,28.0208583
547.5,142,28.14352746
548,141,28.16876443
548.5,140,28.20661487
549,141,28.23326731
549.5,142,28.37393739
550,138,28.38622791
550.5,140,28.56720628
551,140,28.72622845
551.5,142,28.86149553
552,139,28.84661741
552.5,139,28.98581886
553,137,28.74543136
553.5,137,28.69061114
554,138,28.76186549
554.5,137,28.67490588
555,138,28.63861839
555.5,138,28.59623281
556,136,28.56174985
556.5,136,28.54816255
557,137,28.44043324
557.5,139,28.42250859
558,139,28.39708573
558.5,141,28.41510999
559,141,28.26341843
559.5,142,28.27245394
560,141,28.20496656
560.5,141,28.25111447
561,140,28.21970758
561.5,141,28.27943173
562,138,28.33757063
562.5,139,28.26715839
563,140,28.34504135
563.5,141,28.33992788
564,142,28.45225936
564.5,142,28.51656722
565,142,28.50659042
565.5,140,28.49184543
566,140,28.32608204
566.5,140,28.28962434
567,138,28.12070141
567.5,139,28.09104452
568,141,28.05477928
568.5,140,27.9164121
569,140,27.86444236
569.5,139,27.74709377
570,140,27.60820883
570.5,140,27.51574618
571,139,27.40042707
571.5,139,27.33229578
572,141,27.1887812
572.5,143,27.24700714
573,144,27.19679016
573.5,147,27.24596536
574,146,27.1763445
574.5,146,27.12459889
575,148,27.16976238
575.5,148,27.12559628
576,148,27.15948256
576.5,148,27.11823402
577,147,27.04959243
577.5,147,27.01558567
578,148,26.9919414
578.5,151,27.27050446
579,151,27.49078642
579.5,152,27.49907869
580,152,27.57176371
580.5,153,27.5660804
581,151,27.64726107
581.5,151,27.73548953
582,152,27.79645137
582.5,149,27.82170781
583,147,27.86387188
583.5,145,27.77140327
584,145,27.79469533
584.5,145,27.91388349
585,145,27.88373906
585.5,146,27.9348873
586,143,27.8801777
586.5,143,28.02702486
587,142,28.00289813
587.5,141,27.95421451
588,141,27.97449879
588.5,140,27.90059336
589,139,27.73941674
589.5,138,27.65093074
590,137,27.6000505
590.5,137,27.57316268
591,138,27.67542882
591.5,139,27.61313936
592,138,27.55433828
592.5,138,27.58736802
593,138,27.57251011
593.5,139,27.69653487
594,137,27.59759526
594.5,135,27.48070069
595,134,27.39416917
595.5,134,27.47668734
596,135,27.56470268
596.5,134,27.55956523
597,135,27.51220093
597.5,134,27.51054785
598,134,27.43180716
598.5,132,27.26607914
599,132,27.25773915
599.5,131,27.18187488
600,131,27.04325706
600.5,130,27.06419623
601,131,26.97671499
601.5,131,26.99679661
602,132,27.10119383
602.5,132,27.11013069
603,134,27.0511611
603.5,137,27.15811361
604,137,27.14405746
604.5,138,27.10387607
605,139,27.31238308
605.5,139,27.28018659
606,141,27.2934659
606.5,141,27.32802394
607,141,27.28665319
607.5,140,27.36837922
608,139,27.37191287
608.5,140,27.42632008
609,142,27.6646763
609.5,141,27.64775979
610,141,27.73878714
610.5,143,27.71262039
611,141,27.78027106
611.5,141,27.76977363
612,142,27.76852951
612.5,140,27.68047812
613,141,27.66895171
613.5,142,27.73765172
614,142,27.77685269
614.5,143,27.90115446
615,144,27.93858906
615.5,144,27.81462598
616,146,27.99935372
616.5,149,28.02678631
617,149,27.99912728
617.5,148,28.04735437
618,149,28.1213359
618.5,149,28.25515155
619,146,28.2434005
619.5,146,28.27987751
620,144,28.40239153
620.5,145,28.53655084
621,145,28.58342705
621.5,144,28.61297234
622,144,28.68362954
622.5,143,28.66930167
623,143,28.64481971
623.5,144,28.69643206
624,143,28.65868389
624.5,143,28.843432
625,142,28.74617034
625.5,149,28.81241273
626,150,28.72168082
626.5,149,28.74615124
627,149,28.76488797
627.5,149,28.74957741
628,148,28.76809652
628.5,148,28.62481118
629,147,28.66257665
629.5,147,28.73697218
630,146,28.74112301
630.5,144,28.75732419
631,143,28.82344119
631.5,143,28.65702259
632,143,28.71394672
632.5,145,28.87746661
633,142,28.83733788
633.5,143,28.72798897
634,143,28.74154194
634.5,141,28.6947786
635,143,28.74630997
635.5,144,28.64026912
636,143,28.6084959
636.5,143,28.61193512
637,141,28.48949005
637.5,141,28.46658527
638,142,28.43349623
638.5,140,28.39092504
639,141,28.43246467
639.5,141,28.39525908
640,143,28.30083254
640.5,145,28.29688974
641,145,28.30585205
641.5,146,28.31750348
642,146,28.33627713
642.5,147,28.40672217
643,148,28.46560868
643.5,147,28.51214291
644,148,28.67511816
644.5,149,28.77006366
645,150,28.86635273
645.5,151,28.86095848
646,150,28.92024614
646.5,148,28.93968442
647,146,28.9261359
647.5,147,28.96337035
648,146,28.90200387
648.5,147,28.97353865
649,145,28.90886034
649.5,145,29.02578014
650,147,29.09241234
650.5,149,29.20622323
651,149,29.23796923
651.5,149,29.19325457
652,150,29.24977145
652.5,149,29.0851972
653,150,29.04797673
653.5,147,28.98863814
654,149,28.99595453
654.5,149,28.92026496
655,149,28.882899
655.5,148,28.79541975
656,150,28.815771
656.5,150,28.84123121
657,149,28.68379952
657.5,149,28.67444014
658,147,28.50472795
658.5,145,28.45097111
659,145,28.39853507
659.5,144,28.2786631
660,144,28.22914861
660.5,146,28.25934248
661,147,28.46105953
661.5,147,28.44218341
662,148,28.5543414
662.5,151,28.51235578
663,152,28.5144031
663.5,153,28.57955172
664,153,28.55922165
664.5,152,28.56481677
665,153,28.50164672
665.5,154,28.41953517
666,153,28.38275605
666.5,152,28.31745017
667,154,28.25979676
667.5,155,28.22378245
668,154,28.17725029
668.5,154,28.25384823
669,152,28.10468251
669.5,151,28.10670661
670,149,28.17877053
670.5,150,28.30868925
671,149,28.28960446
671.5,148,28.26236184
672,148,28.19506941
672.5,147,28.0877559
673,147,28.01937797
673.5,148,28.01505198
674,152,28.08121893
674.5,154,28.08607231
675,154,27.93166885
675.5,153,27.93481484
676,152,27.88598338
676.5,152,27.88106126
677,153,27.91121107
677.5,152,28.06568786
678,151,27.99008747
678.5,149,27.89214575
679,151,27.91392539
679.5,150,27.73894717
680,149,27.73848274
680.5,151,27.73599764
681,152,27.7502309
681.5,155,28.03674847
682,155,28.07414476
682.5,155,28.10708882
683,155,28.12136309
683.5,156,28.05867684
684,157,27.87188068
684.5,157,27.90184162
685,157,27.83001402
685.5,158,27.84103227
686,159,27.89262421
686.5,158,27.8635477
687,160,27.91557046
687.5,159,27.92237403
688,159,27.82837782
688.5,159,27.9921843
689,162,28.18545991
689.5,161,28.16659897
690,162,28.08838492
690.5,162,28.01267968
691,161,28.01226025
691.5,163,28.02607893
692,164,27.94139854
692.5,164,27.87400926
693,164,27.6398737
693.5,166,27.60128651
694,167,27.52969945
694.5,167,27.51641894
695,166,27.49239017
695.5,166,27.50063228
696,165,27.40110388
696.5,164,27.31307873
697,165,27.37980674
697.5,163,27.19193156
698,163,27.12846957
698.5,167,27.24006512
699,166,27.20343001
699.5,166,27.06409755
700,166,26.99830545
700.5,166,27.03887112
701,167,27.11274502
701.5,167,27.09828584
702,167,27.12659224
702.5,168,27.08636709
703,169,26.96489294
703.5,173,26.86674746
704,173,26.80612912
704.5,174,26.81645647
705,177,26.83262311
705.5,178,26.75539764
706,180,26.7574518
706.5,180,26.77772957
707,180,26.83358723
707.5,180,26.81835365
708,177,26.80078783
708.5,178,26.97152062
709,177,27.02921775
709.5,177,27.1778121
710,178,27.20420111
710.5,177,27.24121492
711,176,27.27871938
711.5,172,27.15902676
712,175,27.34015603
712.5,173,27.24516677
713,172,27.21675821
713.5,171,27.26768848
714,169,27.20811695
714.5,169,27.18248966
715,168,27.15528952
715.5,166,27.12901917
716,165,27.09494661
716.5,165,27.09830539
717,166,27.17588288
717.5,164,27.10894503
718,163,27.10431965
718.5,162,26.96376745
719,163,27.01213628
719.5,164,27.1085483
720,164,27.13942623
720.5,163,27.1087898
721,162,27.16856365
721.5,160,26.94982445
722,160,26.96973438
722.5,161,26.89897872
723,159,26.85993315
723.5,159,26.877577
724,157,26.84857049
724.5,158,26.83738091
725,158,26.80711298
725.5,158,26.85855938
726,158,26.78509779
726.5,157,26.65318832
727,159,26.72484473
727.5,159,26.88461261
728,158,26.82523993
728.5,157,26.80947707
729,158,26.79344579
729.5,157,26.74156369
730,156,26.67213377
730.5,155,26.59664123
731,154,26.55344862
731.5,153,26.36007512
732,153,26.30725021
732.5,152,26.12743483
733,151,25.96062341
733.5,153,26.04838674
734,154,26.0128854
734.5,155,25.83733353
735,154,25.73455619
735.5,156,25.60362257
736,155,25.41325955
736.5,156,25.49060324
737,156,25.36898412
737.5,156,25.34953938
738,157,25.20067317
738.5,160,25.13464356
739,160,25.07754586
739.5,160,25.02462322
740,161,25.0267762
740.5,160,25.00162854
741,160,24.99601732
741.5,162,25.09739619
742,161,24.98076679
742.5,161,24.97084545
743,162,24.94046463
743.5,164,24.98150194
744,166,25.12951941
744.5,166,25.1714372
745,169,25.30848982
745.5,171,25.41548979
746,170,25.4378358
746.5,171,25.47979124
747,172,25.48989891
747.5,173,25.48120521
748,174,25.5530557
748.5,174,25.52280534
749,175,25.62884737
749.5,173,25.65036473
750,173,25.62713276
750.5,175,25.66389387
751,174,25.60091264
751.5,174,25.67520832
752,175,25.71242872
752.5,177,25.83116285
753,178,25.9092791
753.5,180,25.85787622
754,181,25.89731086
754.5,179,25.77112498
755,179,25.78421004
755.5,177,25.61099287
756,177,25.58433643
756.5,177,25.41071632
757,176,25.28658636
757.5,177,25.34007286
758,176,25.23663503
758.5,175,25.13342097
759,175,25.14532282
759.5,176,25.23854826
760,174,25.25353421
760.5,175,25.36159101
761,173,25.34301897
761.5,174,25.42942205
762,174,25.52293822
762.5,174,25.56212789
763,174,25.61062822
763.5,174,25.65040671
764,174,25.56662469
764.5,174,25.48152276
765,175,25.51106328
765.5,175,25.46337231
766,175,25.38487327
766.5,176,25.31096408
767,177,25.2655931
767.5,180,25.3555244
768,181,25.27343768
768.5,184,25.19981937
769,185,25.24730621
769.5,186,25.24337707
770,185,25.20888654
770.5,186,25.22567809
771,187,25.27617414
771.5,188,25.26160956
772,190,25.24312769
772.5,193,25.15390797
773,192,25.06551646
773.5,191,25.00544357
774,190,24.92648617
774.5,190,24.9088041
775,191,24.85280517
775.5,187,24.71189007
776,188,24.70555755
776.5,190,24.69512417
777,191,24.77385683
777.5,191,24.65462655
778,192,24.71958191
778.5,193,24.79073208
779,189,24.68659592
779.5,188,24.67462682
780,186,24.54175381
780.5,186,24.5751423
781,188,24.63164736
781.5,187,24.54437359
782,188,24.5185195
782.5,189,24.45339935
783,189,24.53938175
783.5,188,24.54700266
784,188,24.51095449
784.5,188,24.49925573
785,189,24.51701501
785.5,190,24.42038767
786,190,24.40039071
786.5,191,24.36963291
787,192,24.42649511
787.5,193,24.36145074
788,194,24.30352422
788.5,193,24.21538257
789,194,24.30038821
789.5,197,24.37444492
790,198,24.34703647
790.5,197,24.27736788
791,197,24.22297597
791.5,196,24.13895723
792,196,24.05360144
792.5,198,24.20561597
793,197,24.24284984
793.5,196,24.25328416
794,198,24.40214925
794.5,200,24.33848359
795,201,24.37789521
795.5,203,24.43521625
796,203,24.40294801
796.5,203,24.47217511
797,202,24.43145405
797.5,201,24.3995431
798,203,24.60524802
798.5,203,24.66092958
799,203,24.70914781
799.5,201,24.60378057
800,202,24.57401016
800.5,202,24.53426084
801,202,24.42945413
801.5,204,24.42627072
802,204,24.45435278
802.5,203,24.38378843
803,203,24.47895531
803.5,203,24.45542683
804,204,24.37375002
804.5,205,24.41520186
805,205,24.2906224
805.5,208,24.38908986
806,207,24.31882301
806.5,206,24.25601232
807,207,24.17536809
807.5,205,24.12991923
808,204,24.14257967
808.5,206,24.12334748
809,208,24.15876715
809.5,207,24.1011673
810,207,24.1733102
810.5,207,24.18842032
811,208,24.16950151
811.5,210,24.3981266
812,210,24.36183056
812.5,210,24.38679863
813,209,24.44231704
813.5,211,24.51243178
814,213,24.63792661
814.5,213,24.67377781
815,215,24.66119287
815.5,217,24.54637286
816,217,24.66767329
816.5,219,24.69680738
817,222,24.69977611
817.5,220,24.72120175
818,221,24.72376964
818.5,223,24.84861654
819,222,24.89925365
819.5,223,24.95667367
820,223,24.90805593
820.5,224,24.95658794
821,229,25.16853998
821.5,228,25.15420999
822,231,25.16416554
822.5,230,25.08656699
823,231,24.97298562
823.5,231,24.90764513
824,231,24.9402256
824.5,232,25.06495567
825,233,25.01037115
825.5,234,25.05361555
826,234,25.03299074
826.5,231,25.05505414
827,231,25.04490361
827.5,230,24.93667495
828,227,24.88731147
828.5,230,24.99776094
829,228,24.95770695
829.5,231,24.97493458
830,232,24.95239015
830.5,231,24.94546324
831,230,24.76826793
831.5,231,24.80411272
832,233,24.85139058
832.5,232,24.7334897
833,234,24.7254199
833.5,231,24.5953583
834,231,24.5464917
834.5,231,24.47004101
835,229,24.34821818
835.5,228,24.24302719
836,227,24.14256032
836.5,224,24.09230949
837,225,24.31208583
837.5,225,24.32800546
838,227,24.40525497
838.5,228,24.59435687
839,226,24.49824061
839.5,224,24.43128346
840,223,24.32691397
840.5,224,24.301954
841,224,24.20792554
841.5,227,24.18479691
842,226,24.0726086
842.5,226,24.14657443
843,227,24.08103504
843.5,228,24.00593469
844,230,23.80949659
844.5,230,23.76743355
845,230,23.72631055
845.5,230,23.67972214
846,230,23.65628453
846.5,230,23.55680908
847,235,23.67299756
847.5,235,23.63868182
848,239,23.70425009
848.5,242,23.80068485
849,242,23.77006103
849.5,242,23.82195695
850,242,23.74600641
850.5,241,23.77099019
851,241,23.78154522
851.5,245,23.86068562
852,246,23.91715573
852.5,246,23.8940472
853,249,23.91192517
853.5,249,23.95875589
854,249,23.9667564
854.5,252,23.96208402
855,252,23.92026298
855.5,254,23.99746996
856,254,23.94395751
856.5,254,23.97741781
857,256,23.94054816
857.5,256,23.87527315
858,259,23.91952197
858.5,261,23.94314212
859,262,23.92601459
859.5,264,23.86873896
860,264,23.76517225
860.5,265,23.66689027
861,264,23.57304904
861.5,263,23.52320626
862,265,23.44740338
862.5,266,23.39214595
863,265,23.36006835
863.5,266,23.4099146
864,267,23.48263303
864.5,269,23.572556
865,268,23.46266958
865.5,269,23.60412173
866,266,23.55753565
866.5,266,23.64338774
867,265,23.60970528
867.5,263,23.64264363
868,262,23.63933135
868.5,260,23.56437337
869,260,23.58813157
869.5,260,23.5784566
870,261,23.60187841
870.5,258,23.55454652
871,260,23.61702679
871.5,259,23.64870987
872,259,23.70028054
872.5,259,23.75279692
873,260,23.75862797
873.5,257,23.7162921
874,257,23.72660897
874.5,257,23.77890713
875,256,23.76942937
875.5,256,23.7707434
876,254,23.73619267
876.5,253,23.69599112
877,252,23.69085194
877.5,251,23.70067992
878,251,23.78300186
878.5,252,23.8068412
879,251,23.70846986
879.5,250,23.73365392
880,250,23.8327147
880.5,250,23.79620872
881,249,23.88844136
881.5,248,23.71782807
882,250,23.71264981
882.5,249,23.67364633
883,249,23.79152815
883.5,250,23.93187403
884,252,24.09061104
884.5,250,24.08424332
885,250,24.13185693
885.5,248,24.08041943
886,248,24.14768156
886.5,246,24.16655161
887,245,24.09789005
887.5,245,24.11527474
888,244,23.98445897
888.5,246,24.01336194
889,249,24.10252917
889.5,247,24.0196774
890,247,24.0175654
890.5,250,23.95452952
891,249,23.95394168
891.5,250,23.89966736
892,250,23.90962701
892.5,251,23.99121863
893,250,24.00772325
893.5,250,24.01253804
894,248,23.9833938
894.5,249,23.9918367
895,251,24.04400624
895.5,250,24.0261777
896,249,23.98826423
896.5,250,24.0730916
897,249,24.04831939
897.5,251,24.15377642
898,251,24.1387828
898.5,248,24.09170663
899,249,24.07827942
899.5,247,24.01373456
900,245,23.94702545
900.5,247,23.88543237
901,247,23.83918448
901.5,249,23.89577504
902,250,23.87897243
902.5,251,23.89697707
903,253,23.93780228
903.5,253,23.88037449
904,254,23.91735218
904.5,253,23.80217749
905,253,23.83956697
905.5,257,23.93858689
906,256,23.87792806
906.5,255,23.79547872
907,254,23.82021813
907.5,254,23.82583301
908,253,23.83107858
908.5,251,23.77457997
909,251,23.76097482
909.5,250,23.72797908
910,250,23.86778209
910.5,250,23.90445573
911,252,24.02944667
911.5,251,24.05038542
912,249,23.96163014
912.5,249,23.99934904
913,248,23.97583226
913.5,247,23.93933633
914,251,23.85917871
914.5,252,23.81659432
915,254,23.86292278
915.5,254,23.83809516
916,255,23.84716416
916.5,254,23.86185619
917,252,23.70204155
917.5,255,23.75839588
918,253,23.70636723
918.5,252,23.62926027
919,254,23.70704503
919.5,253,23.50223534
920,257,23.57008357
920.5,258,23.5342257
921,260,23.44880347
921.5,261,23.52065427
922,262,23.51731084
922.5,262,23.51423781
923,263,23.55556469
923.5,263,23.52664733
924,262,23.44824586
924.5,262,23.51799657
925,264,23.58623886
925.5,264,23.56128172
926,265,23.53236419
926.5,264,23.53348919
927,265,23.57818498
927.5,266,23.59398404
928,267,23.59521096
928.5,265,23.5250554
929,265,23.61745304
929.5,264,23.64723317
930,263,23.59634304
930.5,263,23.62465297
931,259,23.53817442
931.5,259,23.54725937
932,259,23.47529003
932.5,261,23.63473523
933,262,23.67538503
933.5,262,23.54574462
934,265,23.68912083
934.5,264,23.67684631
935,265,23.68627422
935.5,264,23.66135974
936,266,23.70758503
936.5,264,23.67433266
937,264,23.65933197
937.5,264,23.64135511
938,264,23.54158508
938.5,268,23.59497866
939,269,23.63931705
939.5,269,23.62886071
940,270,23.64290835
940.5,271,23.6858933
941,269,23.66192112
941.5,270,23.72449957
942,271,23.80845325
942.5,274,23.99633621
943,275,24.04960727
943.5,274,23.96705253
944,275,24.00249634
944.5,274,23.85203335
945,274,23.85335571
945.5,273,23.85223652
946,272,23.8349099
946.5,274,23.85903399
947,271,23.73126754
947.5,273,23.8193533
948,272,23.76512479
948.5,275,23.79929929
949,275,23.73825853
949.5,274,23.72048424
950,274,23.68252422
950.5,274,23.50578026
951,274,23.48329979
951.5,274,23.44945335
952,274,23.38349897
952.5,274,23.35949142
953,274,23.37029299
953.5,272,23.36227718
954,270,23.30590226
954.5,270,23.32110473
955,268,23.36721892
955.5,268,23.43335273
956,269,23.55458247
956.5,268,23.55341842
957,268,23.53390831
957.5,268,23.54092004
958,266,23.55748514
958.5,265,23.57221538
959,264,23.58678185
959.5,263,23.47168431
960,262,23.45800914
960.5,261,23.42198085
961,263,23.40608951
961.5,263,23.3157683
962,263,23.27458902
962.5,263,23.2537063
963,263,23.28346568
963.5,263,23.26099165
964,262,23.18245458
964.5,263,23.25799364
965,262,23.26980074
965.5,260,23.277684
966,260,23.39165737
966.5,259,23.42200939
967,258,23.44948756
967.5,258,23.44344228
968,256,23.52301027
968.5,257,23.56634001
969,257,23.5306855
969.5,258,23.60021172
970,261,23.76201878
970.5,259,23.77690538
971,259,23.85177776
971.5,257,23.8612396
972,260,23.8649013
972.5,259,23.84395733
973,261,23.9758502
973.5,262,23.97716478
974,261,24.0449307
974.5,261,24.04940525
975,262,24.12662296
975.5,259,24.06133961
976,259,24.09778768
976.5,258,24.13464308
977,261,24.08869554
977.5,262,24.07355434
978,263,24.07787684
978.5,262,23.97809302
979,265,23.93369106
979.5,265,23.87893479
980,264,23.74550456
980.5,266,23.76937778
981,265,23.72976915
981.5,269,23.7900842
982,267,23.67908523
982.5,270,23.71992268
983,272,23.71086542
983.5,272,23.65757541
984,273,23.60568174
984.5,274,23.52773726
985,275,23.54717188
985.5,275,23.5804396
986,276,23.74189893
986.5,275,23.70934392
987,277,23.81458155
987.5,278,23.93939782
988,278,23.937328
988.5,275,23.80964679
989,274,23.75967926
989.5,272,23.70754662
990,271,23.68362214
990.5,274,23.70701951
991,273,23.73385271
991.5,273,23.80488166
992,275,23.83367763
992.5,273,23.81630685
993,276,23.85675921
993.5,276,23.8701401
994,276,23.8764573
994.5,278,24.01490055
995,276,24.00469008
995.5,275,23.98878831
996,278,24.02052158
996.5,279,24.06733542
997,278,24.02902934
997.5,279,24.04114189
998,277,24.01715282
998.5,276,24.01265064
999,275,23.98803443
999.5,274,24.03623174
1000,272,24.07291841
1000.5,273,24.06088203
1001,274,24.00535657
1001.5,272,23.94515307
1002,272,24.03102977
1002.5,272,23.95161196
1003,272,24.11894209
1003.5,270,24.10811971
1004,270,24.06055568
1004.5,270,24.12836463
1005,270,24.15421183
1005.5,271,24.14951463
1006,275,24.23581391
1006.5,274,24.19010435
1007,274,24.15055045
1007.5,273,24.17341998
1008,272,24.10234264
1008.5,273,24.1608543
1009,276,24.1468476
1009.5,274,24.12648114
1010,273,24.11346144
1010.5,276,24.17321221
1011,277,24.25651734
1011.5,276,24.30331734
1012,277,24.37957096
1012.5,278,24.42826297
1013,279,24.47434247
1013.5,282,24.47012558
1014,279,24.52414671
1014.5,280,24.59596419
1015,281,24.66665811
1015.5,281,24.69267453
1016,282,24.75392565
1016.5,281,24.72307166
1017,287,24.74432285
1017.5,286,24.72758407
1018,288,24.6930725
1018.5,286,24.61215165
1019,287,24.59920298
1019.5,286,24.5287618
1020,284,24.43251717
1020.5,284,24.46519816
1021,285,24.49866295
1021.5,285,24.5664385
1022,282,24.54804837
1022.5,282,24.53278142
1023,281,24.49877146
1023.5,279,24.50978819
1024,279,24.49661347
1024.5,283,24.55772255
1025,283,24.52502538
1025.5,282,24.46992883
1026,280,24.35692032
1026.5,281,24.34129765
1027,280,24.2030884
1027.5,280,24.18252829
1028,281,24.19316297
1028.5,281,24.14772202
1029,280,24.18887098
1029.5,279,24.1464813
1030,281,24.17118087
1030.5,279,24.13019642
1031,281,24.19481978
1031.5,281,24.21637404
1032,281,24.18180274
1032.5,279,24.16859605
1033,279,24.17749317
1033.5,277,24.09819043
1034,280,24.07459462
1034.5,280,24.01783364
1035,279,23.97664689
1035.5,280,23.98058431
1036,278,23.92670361
1036.5,278,23.97701431
1037,276,23.88696652
1037.5,276,23.87040957
1038,276,23.8870081
1038.5,278,23.93309141
1039,281,24.01850662
1039.5,280,23.94250899
1040,280,23.899268
1040.5,283,23.82440028
1041,282,23.77220527
1041.5,284,23.74731173
1042,286,23.70963123
1042.5,288,23.78034881
1043,290,23.76341028
1043.5,294,23.95907847
1044,293,23.94711456
1044.5,292,23.99362049
1045,291,23.98653312
1045.5,292,24.00581284
1046,292,24.01252554
1046.5,293,24.02823061
1047,290,23.8886193
1047.5,291,23.90759765
1048,293,23.93479755
1048.5,297,23.9901161
1049,301,24.01724452
1049.5,299,24.04812236
1050,301,24.15593726
1050.5,299,24.15189348
1051,301,24.2352491
1051.5,302,24.2643862
1052,302,24.22144426
1052.5,302,24.24509416
1053,300,24.23514918
1053.5,297,24.25770102
1054,301,24.33471858
1054.5,301,24.36654374
1055,300,24.41518106
1055.5,299,24.44483776
1056,297,24.43819475
1056.5,297,24.42626457
1057,296,24.39770432
1057.5,297,24.38880307
1058,298,24.30157743
1058.5,298,24.29456007
1059,296,24.19662856
1059.5,297,24.11691435
1060,296,23.97422029
1060.5,297,23.98361657
1061,297,23.88953392
1061.5,298,23.87902938
1062,300,23.84674304
1062.5,298,23.8198587
1063,300,23.86814321
1063.5,301,23.81728843
1064,300,23.8448125
1064.5,299,23.79324902
1065,304,23.90633312
1065.5,303,23.91419824
1066,303,23.86611066
1066.5,305,23.90690701
1067,303,23.82670958
1067.5,305,23.91002722
1068,307,23.80504491
1068.5,307,23.84737307
1069,309,23.80645379
1069.5,311,23.7948141
1070,312,23.8128928
1070.5,311,23.73663004
1071,311,23.73300005
1071.5,310,23.65411679
1072,311,23.65374188
1072.5,311,23.57630147
1073,310,23.55535347
1073.5,311,23.58515928
1074,312,23.59959905
1074.5,310,23.56301978
1075,311,23.5808422
1075.5,311,23.44323783
1076,309,23.43133628
1076.5,310,23.51548269
1077,308,23.52189289
1077.5,308,23.52634048
1078,308,23.57576183
1078.5,309,23.50812445
1079,309,23.50260977
1079.5,306,23.38765143
1080,306,23.41358959
1080.5,305,23.3785356
1081,305,23.32872591
1081.5,302,23.3234618
1082,303,23.3562408
1082.5,301,23.36478805
1083,300,23.34926929
1083.5,301,23.34081693
1084,302,23.28405637
1084.5,302,23.16824298
1085,303,23.19024399
1085.5,303,23.05231486
1086,304,23.09130569
1086.5,303,23.01363674
1087,304,22.99833401
1087.5,304,22.89738803
1088,304,22.82165843
1088.5,303,22.72125586
1089,303,22.62818744
1089.5,303,22.63990807
1090,305,22.66440669
1090.5,307,22.62583931
1091,308,22.61338601
1091.5,308,22.59700877
1092,311,22.67698731
1092.5,308,22.70260299
1093,308,22.75039714
1093.5,306,22.69875788
1094,306,22.806639
1094.5,304,22.9013037
1095,303,22.89754385
1095.5,303,22.89015395
1096,302,22.87817498
1096.5,301,22.79440687
1097,300,22.72219789
1097.5,302,22.79503226
1098,302,22.63518045
1098.5,301,22.58733088
1099,298,22.50907335
1099.5,297,22.49644305
1100,295,22.44163681
1100.5,296,22.37152297
1101,298,22.41010328
1101.5,296,22.3260489
1102,298,22.27791112
1102.5,297,22.30712174
1103,296,22.27855275
1103.5,294,22.32082135
1104,295,22.2775085
1104.5,293,22.29265212
1105,292,22.20366956
1105.5,295,22.28925958
1106,292,22.15269532
1106.5,294,22.21453683
1107,294,22.16645317
1107.5,293,22.10351099
1108,292,22.01401794
1108.5,295,22.02398031
1109,294,21.96519028
1109.5,298,22.05800748
1110,297,22.03271439
1110.5,298,22.0480776
1111,297,21.96100172
1111.5,298,21.97216792
1112,297,21.89043675
1112.5,297,21.8524778
1113,298,21.96549458
1113.5,296,21.93515058
1114,296,21.95082675
1114.5,295,21.96819799
1115,295,21.98602718
1115.5,296,21.96548315
1116,296,22.02223244
1116.5,295,22.10023813
1117,295,22.11954871
1117.5,293,22.04141893
1118,295,22.10681166
1118.5,294,22.11034175
1119,293,22.09298641
1119.5,294,22.09662852
1120,293,22.11233167
1120.5,294,22.23389808
1121,296,22.30475722
1121.5,295,22.39325666
1122,295,22.42389588
1122.5,294,22.42505049
1123,294,22.54887148
1123.5,297,22.66873658
1124,302,22.90313816
1124.5,301,22.87027442
1125,302,22.84250805
1125.5,300,22.76924677
1126,302,22.85741865
1126.5,301,22.80880819
1127,303,22.85155027
1127.5,302,22.78708905
1128,301,22.77384414
1128.5,300,22.64865555
1129,300,22.64782926
1129.5,302,22.57808786
1130,304,22.62289604
1130.5,304,22.57381462
1131,301,22.46386064
1131.5,306,22.47204237
1132,306,22.33314083
1132.5,307,22.30121302
1133,311,22.3335754
1133.5,315,22.34129235
1134,315,22.26918808
1134.5,317,22.31663315
1135,319,22.28796879
1135.5,320,22.31993198
1136,320,22.356544
1136.5,320,22.36341845
1137,320,22.34334478
1137.5,320,22.24669752
1138,323,22.27483838
1138.5,325,22.27705603
1139,328,22.23704736
1139.5,327,22.09853471
1140,327,22.03379932
1140.5,327,21.96019624
1141,328,21.86770443
1141.5,327,21.81218813
1142,328,21.89001369
1142.5,329,21.8097347
1143,330,21.76112988
1143.5,328,21.73917412
1144,332,21.75951579
1144.5,332,21.78995744
1145,335,21.77948985
1145.5,336,21.84678722
1146,333,21.83083539
1146.5,337,21.88841169
1147,337,21.87155105
1147.5,341,21.90531624
1148,339,21.80730441
1148.5,338,21.7571605
1149,339,21.75204073
1149.5,341,21.70055128
1150,340,21.62845963
1150.5,341,21.61959012
1151,339,21.50586337
1151.5,338,21.46042285
1152,338,21.47446205
1152.5,335,21.38332898
1153,336,21.39300232
1153.5,333,21.37475966
1154,332,21.32420117
1154.5,331,21.36948025
1155,331,21.42456731
1155.5,331,21.3627313
1156,332,21.34524993
1156.5,331,21.30383116
1157,332,21.42397519
1157.5,332,21.39006533
1158,332,21.38577986
1158.5,333,21.44974511
1159,334,21.54928012
1159.5,337,21.60504311
1160,337,21.62623931
1160.5,336,21.57462206
1161,337,21.48608882
1161.5,337,21.42212203
1162,337,21.39716484
1162.5,338,21.39258093
1163,339,21.30281438
1163.5,339,21.28787924
1164,336,21.24583792
1164.5,336,21.28872228
1165,336,21.37670638
1165.5,334,21.38291317
1166,332,21.45869718
1166.5,336,21.65475415
1167,338,21.74740159
1167.5,339,21.80013866
1168,340,21.84781074
1168.5,341,21.85065147
1169,343,21.90885444
1169.5,340,21.85057323
1170,341,21.86295231
1170.5,342,21.85574985
1171,342,21.81992007
1171.5,340,21.75218245
1172,338,21.67993777
1172.5,339,21.57026557
1173,341,21.6303655
1173.5,341,21.59334376
1174,340,21.54760155
1174.5,339,21.50193307
1175,339,21.40141397
1175.5,339,21.44291502
1176,340,21.4588446
1176.5,344,21.69027175
1177,343,21.75324548
1177.5,341,21.74086582
1178,341,21.80983244
1178.5,340,21.81439421
1179,340,21.84914121
1179.5,339,21.8108436
1180,340,21.8596622
1180.5,339,21.79448126
1181,339,21.72393216
1181.5,338,21.69821462
1182,337,21.64449108
1182.5,337,21.68735551
1183,337,21.56292956
1183.5,335,21.48647464
1184,333,21.45286188
1184.5,335,21.49099256
1185,333,21.44805956
1185.5,337,21.62943343
1186,338,21.59247098
1186.5,338,21.6194259
1187,337,21.59401919
1187.5,336,21.60478904
1188,337,21.58268323
1188.5,338,21.54479844
1189,337,21.49582635
1189.5,336,21.47331908
1190,336,21.40807682
1190.5,338,21.36505115
1191,340,21.46874965
1191.5,341,21.46244229
1192,342,21.42724044
1192.5,340,21.3305841
1193,339,21.33330839
1193.5,337,21.26280158
1194,336,21.20861214
1194.5,337,21.19057237
1195,338,21.20980951
1195.5,338,21.20049811
1196,338,21.25235853
1196.5,339,21.24986412
1197,337,21.22494865
1197.5,337,21.25806009
1198,341,21.32140385
1198.5,344,21.33794483
1199,345,21.30334306
1199.5,344,21.25150248
1200,344,21.26413253
